mapCount	7
DB_ID(key)					name		imgID		bgmID	startX	startY	endX	endY	CountOfTotalEnemy	CountOfEnemyType	ID1/count		ID2/count		ID3/count		ID4/count		ID5/count
3010001(MAP_COMMON)			map1		300025		3		22		13		0		0		31					3					1010002	20		1020001	10		1020002 1
(Structure)
0	0	18	18	18	18	18	0	0	0	0	0	0	0	0	0	0	0	0	0	0	0	0	0	0 
0	0	18	18	18	18	18	0	0	0	0	0	0	0	0	0	0	0	0	0	0	0	0	0	0 
0	0	18	18	18	18	18	0	0	0	0	0	0	0	0	0	0	0	0	0	0	0	0	0	0 
0	0	0	0	0	0	0	0	0	0	0	0	0	0	0	0	0	0	0	0	0	0	0	0	0 
0	0	0	0	0	0	0	0	0	0	0	0	0	0	0	0	0	0	0	0	0	0	0	0	0 
0	0	0	0	0	0	0	0	0	0	0	0	0	0	0	0	0	0	0	0	0	0	0	0	0 
0	0	0	0	0	0	0	0	0	0	0	0	0	0	0	0	0	0	0	0	0	0	0	0	0 
0	0	0	0	0	0	0	0	0	0	0	0	0	0	0	0	0	0	0	0	0	0	0	0	0 
0	0	0	0	0	0	0	0	0	0	0	0	0	0	0	0	0	0	0	0	0	0	0	0	0 
0	0	0	0	0	0	0	0	0	0	0	0	0	0	0	0	0	0	0	0	0	0	0	0	0 
0	0	0	0	0	0	0	0	0	0	0	0	0	0	0	0	0	0	0	0	0	0	0	0	0 
0	0	0	0	0	0	0	0	0	0	0	0	0	0	0	0	0	0	0	0	0	0	0	0	0 
0	0	0	0	0	0	0	0	0	0	0	0	0	0	0	0	0	0	0	0	0	0	0	0	0 
0	0	0	0	0	0	0	0	0	0	0	0	0	0	0	0	0	0	0	0	0	0	0	0	0 
0	999	0	0	0	0	0	0	0	0	0	0	0	0	0	0	0	0	0	0	0	0	0	0	0 
0	0	0	0	0	0	0	0	0	0	0	0	0	0	0	0	0	0	0	0	0	0	0	0	0 
(Road)
29	29	29	29	29	29	29	29	29	29	29	29	29	29	29	29	29	29	29	29	29	29	29	29	29
29	29	29	29	29	29	29	29	29	29	29	29	29	29	29	29	29	29	29	29	29	-28	-28	-28	29
29	30	30	30	30	30	30	29	29	29	29	29	29	29	29	29	29	29	29	29	29	-28	-28	-28	29 
29	30	-28	-28	-28	-28	-28	-28	-28	-28	-28	-28	-28	-28	29	29	29	29	29	29	29	-28	-28	-28	29 
29	30	-28	-28	-28	-28	-28	-28	-28	-28	-28	-28	29	-28	-28	-28	-28	-28	-28	29	29	29	-28	-28	29 
29	30	-28	-28	29	29	29	29	29	29	29	-28	-28	-28	-28	-28	-28	-28	-28	29	29	29	-28	-28	29 
29	30	-28	-28	29	29	29	29	29	29	29	29	29	29	29	29	29	-28	-28	29	29	29	-28	-28	29 
29	30	-28	-28	29	29	29	29	29	29	29	29	29	29	29	29	29	-28	-28	29	29	29	-28	-28	29 
29	30	-28	-28	29	29	29	-28	-28	-28	-28	-28	-28	-28	-28	-28	-28	-28	-28	29	29	29	-28	-28	29 
29	30	-28	-28	29	29	29	-28	-28	-28	-28	-28	-28	-28	-28	-28	-28	-28	-28	29	29	29	-28	-28	29 
29	30	-28	-28	29	29	29	-28	-28	29	29	29	29	29	29	29	29	29	29	29	29	29	-28	-28	29 
29	30	-28	-28	29	29	29	-28	-28	29	29	29	29	29	29	29	29	29	29	29	29	29	-28	-28	29 
29	30	-28	-28	29	29	29	-28	-28	29	29	29	29	29	29	29	29	29	29	29	29	29	-28	-28	29
29	30	-28	-28	29	29	29	-28	-28	-28	-28	-28	-28	-28	-28	-28	-28	-28	-28	-28	-28	-28	-28	-28	29 
29	-28	-28	-28	29	29	29	-28	-28	-28	-28	-28	-28	-28	-28	-28	-28	-28	-28	-28	-28	-28	-28	-28	29 
29	29	29	29	29	29	29	29	29	29	29	29	29	29	29	29	29	29	29	29	29	29	29	29	29
DB_ID(key)					name		imgID	bgmID	startX	startY	endX	endY	CountOfTotalEnemy	CountOfEnemyType	ID1/count		ID2/count		ID3/count		ID4/count		ID5/count
3010002(MAP_COMMON)			map2		25		4		2		13		0		0		45					5					1010009	10		1010010	10		1020003	10		1010012 10		1010011	5
(Structure)
0	0	0	0	0	0	0	0	0	0	0	0	0	0	0	0	0	0	0	0	0	0	0	0	0 
0	0	0	0	0	0	0	0	0	0	0	0	0	0	0	0	0	0	0	0	0	0	0	0	0 
0	0	0	0	0	0	0	0	0	0	0	0	0	0	0	0	0	0	0	0	0	0	0	0	0 
0	0	0	0	0	0	0	0	0	0	0	0	0	0	0	0	0	0	0	0	0	0	0	0	0 
0	0	0	0	0	0	0	0	0	0	0	0	0	0	0	0	0	0	0	0	0	0	0	0	0 
0	0	0	0	0	0	0	0	0	0	0	0	0	0	0	0	0	0	0	0	0	0	0	0	0 
0	0	0	0	0	0	0	0	0	0	0	0	0	0	0	0	0	0	0	0	0	0	0	0	0 
0	0	0	0	0	0	0	0	0	0	0	0	0	0	0	0	0	0	0	0	0	0	0	0	0 
0	0	0	0	0	0	0	0	0	0	0	0	0	0	0	0	0	0	0	0	0	0	0	0	0 
0	0	0	0	0	0	0	0	0	0	0	0	0	0	0	0	0	0	0	0	0	0	0	0	0 
0	0	0	0	0	0	0	0	0	0	0	0	0	0	0	0	0	0	0	0	0	0	0	0	0 
0	0	0	0	0	0	0	0	0	0	0	0	0	0	0	0	0	0	0	0	0	0	0	0	0 
0	0	0	0	0	0	0	0	0	0	0	0	0	0	0	0	0	0	0	0	0	0	0	0	0 
0	0	0	0	0	0	0	0	0	0	0	0	0	0	0	0	0	0	0	0	0	0	0	0	0 
0	0	0	0	0	0	0	0	0	0	0	0	0	0	0	0	0	0	0	0	0	0	999	0	0 
0	0	0	0	0	0	0	0	0	0	0	0	0	0	0	0	0	0	0	0	0	0	0	0	0 
(Road) 
29	29	29	29	29	29	29	29	29	29	29	29	29	29	29	29	29	29	29	29	29	29	29	29	29
29	-28	-28	-28	29	-28	-28	-28	-28	-28	-28	-28	-28	-28	-28	-28	-28	-28	-28	-28	-28	-28	-28	-28	29
29	-28 -28	-28	29	-28 -28 -28 -28	-28	-28	-28	-28	-28	-28	-28	-28	-28	-28	-28	-28	-28	-28	-28	29
29	-28 -28	-28	29	-28 -28 -28 -28	-28	-28	-28	-28	-28	-28	-28	-28	-28	-28	-28	-28	-28	-28	-28	29 
29	-28 -28	-28	29	-28 -28 -28	29	29	29	29	29	29	29	29	29	29	29	29	29	-28	-28	-28	29 
29	-28 -28	-28	29	-28 -28 -28 29	29	29	29	29	29	29	29	29	29	29	29	29	-28	-28	-28	29 
29	-28 -28	-28	29	-28 -28 -28 29	29	29	29	29	29	29	29	29	29	29	29	29	-28	-28	-28	29 
29	-28 -28	-28	29	-28 -28 -28 29	-28 -28	-28	-28	-28	-28	-28	-28	-28	-28	-28	-28	-28	-28	-28	29 
29	-28 -28	-28	29	-28 -28 -28 29	-28 -28	-28	-28	-28	-28	-28	-28	-28	-28	-28	-28	-28	-28	-28	29 
29	-28 -28	-28	29	-28 -28 -28 29	-28 -28	-28	-28	-28	-28	-28	-28	-28	-28	-28	-28	-28	-28	-28	29 
29	-28 -28	-28	29	-28 -28 -28 29	-28 -28	-28	29	29	29	29	29	29	29	29	29	29	29	29	29 
29	-28 -28	-28	29	-28 -28 -28 29	-28 -28	-28	29	29	29	29	29	29	29	29	29	29	29	29	29 
29	-28	-28	-28	-28	-28 -28 -28 29	-28 -28	-28	-28	-28	-28	-28	-28	-28	-28	-28	-28	-28	-28	-28	29
29	-28	-28	-28	-28	-28 -28 -28 29	-28 -28	-28	-28	-28	-28	-28	-28	-28	-28	-28	-28	-28	-28	-28	29 
29	-28	-28	-28	-28	-28 -28 -28 29	-28 -28	-28	-28	-28	-28	-28	-28	-28	-28	-28	-28	-28	-28	-28	29 
29	29	29	29	29	29	29	29	29	29	29	29	29	29	29	29	29	29	29	29	29	29	29	29	29
DB_ID(key)					name		imgID	bgmID	startX	startY	endX	endY	CountOfTotalEnemy	CountOfEnemyType	ID1/count		ID2/count		ID3/count		ID4/count		ID5/count
3010003(MAP_COMMON)			map3		25		5		23		14		0		0		43					5					1010033	10		1010014	10		1010015	10		1010034 10		1020005 10
(Structure)
0	0	11	0	0	0	0	0	0	0	0	0	0	0	0	0	0	0	0	0	0	0	0	0	0 
0	0	0	0	0	0	10	0	0	0	0	0	11	0	0	0	0	0	0	0	10	0	0	0	0 
10	0	0	0	0	0	0	0	0	0	0	0	0	0	0	0	0	0	11	0	0	0	0	0	0 
0	0	0	0	0	0	0	0	0	0	0	0	0	0	0	0	0	0	0	0	0	0	0	0	0 
0	0	0	0	0	0	0	0	0	0	0	0	0	0	0	0	0	10	0	0	0	10	0	0	0 
0	0	0	0	0	0	0	0	0	0	0	0	0	0	0	0	0	0	0	0	0	0	0	0	0 
0	0	0	0	0	0	0	0	0	0	0	0	0	0	0	0	0	0	0	0	0	0	0	0	0 
0	0	0	0	0	0	0	0	0	0	0	0	0	0	0	0	0	0	0	0	0	0	0	0	0 
0	0	0	0	0	0	0	0	0	0	0	0	0	0	0	0	0	0	0	0	0	0	0	0	0 
0	0	0	0	0	0	0	0	0	0	0	0	0	0	0	0	0	0	0	0	0	0	0	0	0 
0	0	0	0	0	0	0	0	0	0	0	0	0	0	0	0	0	0	0	0	0	0	0	0	0 
0	0	0	0	0	0	0	0	0	0	0	0	0	0	0	0	0	0	0	0	0	0	0	0	0 
0	0	0	0	0	0	0	0	0	0	0	0	0	0	0	0	0	0	0	0	0	0	0	0	0 
0	0	0	0	0	0	0	0	0	0	0	0	0	0	0	0	0	0	0	0	0	0	0	0	0 
11	999	0	0	11	0	0	0	0	0	10	0	0	0	0	11	10	0	0	0	0	0	0	0	0 
0	0	0	0	0	0	0	0	0	0	0	0	0	0	0	0	0	0	0	0	0	0	0	0	0 
(Road) 
12	12	12	12	12	12	12	12	12	12	12	12	12	12	12	12	12	12	12	12	12	12	-2	-2	-2
12	12	12	12	12	12	12	12	12	12	12	12	12	12	12	12	12	12	12	12	12	12	-2	-2	-2
12	-2	-2	-2	-2	-2	-2	12	12	-2	-2	-2	-2	-2	-2	-2	12	12	12	12	12	12	-2	-2	-2 
12	-2	-2	-2	-2	-2	-2	12	12	-2	-2	-2	-2	-2	-2	-2	12	12	12	12	12	12	-2	-2	12 
12	-2	-2	12	12	-2	-2	12	12	-2	-2	12	12	12	-2	-2	12	12	12	12	12	12	-2	-2	12 
12	-2	-2	12	12	-2	-2	12	12	-2	-2	12	12	12	-2	-2	12	12	12	12	12	12	-2	-2	12 
12	-2	-2	12	12	-2	-2	12	12	-2	-2	12	12	12	-2	-2	-2	-2	-2	-2	-2	-2	-2	-2	12 
12	-2	-2	12	12	-2	-2	12	12	-2	-2	12	12	12	-2	-2	-2	-2	-2	-2	-2	-2	-2	-2	12 
12	-2	-2	12	12	-2	-2	12	12	-2	-2	12	12	12	12	12	12	12	12	12	12	12	12	12	12 
12	-2	-2	12	12	-2	-2	12	12	-2	-2	12	12	12	12	12	12	12	12	12	12	12	12	12	12 
12	-2	-2	12	12	-2	-2	12	12	-2	-2	12	12	12	12	12	12	12	12	12	12	12	12	12	12 
12	-2	-2	12	12	-2	-2	12	12	-2	-2	12	12	12	12	12	12	12	12	12	12	12	12	12	12 
12	-2	-2	12	12	-2	-2	-2	-2	-2	-2	12	12	12	12	12	12	12	12	12	12	12	12	12	12
12	-2	-2	12	12	-2	-2	-2	-2	-2	-2	12	12	12	12	12	12	12	12	12	12	12	12	12	12 
12	-2	-2	12	12	12	12	12	12	12	12	12	12	12	12	12	12	12	12	12	12	12	12	12	12 
12	12	12	12	12	12	12	12	12	12	12	12	12	12	12	12	12	12	12	12	12	12	12	12	12
DB_ID(key)					name		imgID	bgmID	startX	startY	endX	endY	CountOfTotalEnemy	CountOfEnemyType	ID1/count		ID2/count		ID3/count		ID4/count		ID5/count
3010004(MAP_COMMON)			map4		25		6		23		14		0		0		43					5					1010016 10		1010017	10		1010018	10		1020006	10		1010019 1
(Structure)
0	0	0	0	0	0	0	0	0	0	0	0	0	0	0	0	0	0	0	0	0	0	0	0	0 
0	0	0	0	0	0	0	0	0	0	16	0	0	0	16	0	0	0	0	0	0	0	0	0	0 
0	16	16	16	0	0	0	16	0	0	0	0	0	0	0	0	0	0	0	0	0	0	0	0	0 
0	16	16	16	0	0	0	0	0	0	0	0	0	0	0	0	0	0	0	0	16	0	0	0	0 
0	16	16	16	0	0	0	0	0	0	0	0	0	0	0	0	0	0	0	0	16	0	0	0	0 
0	16	16	16	0	0	0	0	0	0	0	0	0	0	0	0	0	0	0	0	0	0	0	0	0 
0	0	0	0	0	0	0	0	0	0	0	0	0	0	0	0	0	0	0	0	0	0	0	0	16 
0	0	0	0	0	0	0	0	0	0	0	0	0	0	0	0	0	0	0	0	0	0	0	0	0 
0	0	0	0	0	0	0	0	0	0	0	0	0	0	0	0	0	0	0	0	0	0	0	0	0 
0	0	0	0	0	0	0	0	0	0	0	0	0	0	0	0	0	0	0	0	0	0	0	0	0 
0	0	0	0	0	0	0	0	0	0	0	0	0	0	16	16	16	0	0	0	0	0	0	0	0 
0	0	0	0	0	0	0	0	0	0	0	0	0	0	16	16	16	0	0	0	0	0	0	0	0 
0	0	0	0	0	0	0	0	0	0	0	0	0	0	16	16	16	0	0	0	0	0	0	0	0 
0	0	0	0	0	0	0	0	0	0	0	0	0	0	0	0	0	0	0	0	0	0	0	0	0 
0	999	0	0	0	0	0	0	0	0	0	0	0	0	0	0	0	0	0	0	0	0	0	0	0 
0	0	0	0	0	0	0	0	0	0	0	0	0	0	0	0	0	0	0	0	0	0	0	0	0 
(Road) 
14	14	14	14	14	14	14	14	14	14	14	14	14	14	14	14	14	14	14	14	14	14	-15	-15	-15
14	14	14	14	14	14	14	14	14	14	14	14	14	14	14	14	14	14	14	14	14	14	-15	-15	-15
14	14	14	14	14	14	14	14	14	14	14	14	14	-15	-15	-15	-15	-15	14	14	14	14	-15	-15	-15
14	14	14	14	14	14	14	14	14	14	14	14	-15	-15	-15	-15	-15	-15	14	14	14	14	-15	-15	14 
14	14	14	14	14	14	14	14	14	14	14	-15	-15	-15	14	14	-15	-15	14	14	14	14	-15	-15	14 
14	14	14	14	14	14	14	14	14	14	-15	-15	-15	-15	14	14	-15	-15	14	14	14	14	-15	-15	14 
14	14	14	14	14	14	14	14	14	-15	-15	-15	-15	14	14	14	-15	-15	14	14	14	14	-15	-15	14 
14	14	14	14	14	14	14	14	14	-15	-15	-15	14	14	14	14	-15	-15	14	14	14	14	-15	-15	14 
14	14	14	14	14	14	14	-15	-15	-15	-15	14	14	14	14	14	14	-15	-15	14	14	14	-15	-15	14 
14	14	14	14	14	14	14	-15	-15	-15	-15	14	14	14	14	14	14	-15	-15	-15	14	14	-15	-15	14 
14	14	14	14	14	14	14	-15	-15	14	14	14	14	14	14	14	14	-15	-15	-15	14	14	-15	-15	14 
14	14	14	14	14	14	-15	-15	14	14	14	14	14	14	14	14	14	14	-15	-15	-15	14	-15	-15	14 
14	14	-15	-15	-15	-15	-15	-15	14	14	14	14	14	14	14	14	14	14	14	-15	-15	-15	-15	-15	14
14	-15	-15	-15	-15	-15	-15	-15	14	14	14	14	14	14	14	14	14	14	14	14	-15	-15	-15	-15	14 
14	-15	-15	14	14	14	14	14	14	14	14	14	14	14	14	14	14	14	14	14	14	14	14	14	14 
14	14	14	14	14	14	14	14	14	14	14	14	14	14	14	14	14	14	14	14	14	14	14	14	14
DB_ID(key)					name		imgID	bgmID	startX	startY	endX	endY	CountOfTotalEnemy	CountOfEnemyType	ID1/count		ID2/count		ID3/count		ID4/count		ID5/count
3010005(MAP_COMMON)			map5		25		6		23		14		0		0		45					5					1010029	10		1010030	10		1010031	10		1010032	10		1010035 1
(Structure)
0	0	0	0	0	0	0	0	0	0	0	0	0	0	0	0	0	0	0	0	0	0	0	0	0 
0	0	0	0	0	0	0	0	0	0	0	0	0	0	0	0	0	0	0	0	0	0	0	0	0 
0	0	0	0	0	0	0	0	0	0	0	0	0	0	0	0	0	0	0	0	0	0	0	0	0 
0	0	0	0	0	0	0	0	0	0	0	0	0	0	27	0	0	0	0	0	0	0	0	0	0 
0	0	0	0	0	0	0	0	0	0	0	0	0	0	0	0	0	0	0	0	0	0	0	0	0 
0	0	0	0	0	0	0	0	0	0	0	0	0	0	0	0	0	0	0	0	0	0	0	0	0 
0	0	0	0	0	0	0	0	0	0	0	0	0	0	0	0	0	0	0	0	0	0	0	0	0 
0	0	0	0	0	0	0	0	0	0	0	0	0	0	0	0	0	0	0	0	0	0	0	0	0 
0	0	0	0	0	0	0	26	0	0	0	0	0	0	0	0	0	0	0	0	0	0	0	0	0 
0	0	0	0	0	0	0	0	0	0	0	0	0	0	0	0	0	0	0	0	0	0	27	0	0 
0	0	0	0	0	0	0	0	0	0	0	0	0	0	0	0	0	0	0	0	0	0	0	0	0 
0	0	0	0	0	0	0	0	0	0	0	0	0	0	0	0	0	0	0	0	0	0	0	0	0 
0	0	0	0	0	0	0	0	0	0	0	0	0	0	0	0	0	0	0	0	0	0	0	0	0 
0	0	0	0	0	0	0	0	0	0	0	0	0	0	0	26	0	0	0	0	0	0	0	0	0 
0	999	0	0	0	0	0	0	0	0	0	0	0	0	0	0	0	0	0	0	0	0	0	0	0 
0	0	0	0	0	0	0	0	0	0	0	0	0	0	0	0	0	0	0	0	0	0	0	0	0 
(Road)
13	13	13	13	13	13	13	13	13	13	13	13	13	13	13	13	13	13	13	13	13	13	-33	-33	13
13	13	13	13	13	13	13	13	13	13	13	13	13	13	13	13	13	13	13	13	13	13	-33	-33	13
13	13	13	-33	-33	-33	-33	13	13	-33	-33	-33	-33	-33	-33	-33	13	13	13	13	13	13	-33	-33	13 
13	-33	-33	-33	-33	-33	-33	13	13	-33	-33	-33	-33	-33	-33	-33	13	13	13	13	13	13	-33	-33	13 
13	-33	-33	-33	-33	-33	-33	13	13	-33	-33	13	13	13	-33	-33	13	13	13	13	13	13	-33	-33	13 
13	-33	-33	13	13	-33	-33	13	13	-33	-33	13	13	13	-33	-33	13	13	13	13	13	13	-33	-33	13 
13	-33	-33	13	13	-33	-33	13	13	-33	-33	13	13	13	-33	-33	-33	-33	-33	-33	13	13	-33	-33	13 
13	-33	-33	13	13	-33	-33	13	13	-33	-33	13	13	13	-33	-33	-33	-33	-33	-33	-33	13	-33	-33	13 
13	-33	-33	13	13	-33	-33	13	13	-33	-33	13	13	13	13	13	13	13	13	-33	-33	13	-33	-33	13 
13	-33	-33	13	13	-33	-33	13	13	-33	-33	13	13	13	13	13	13	13	13	-33	-33	13	-33	-33	13 
13	-33	-33	13	13	-33	-33	13	13	-33	-33	13	13	13	13	13	13	13	13	13	-33	-33	-33	-33	13 
13	-33	-33	13	13	-33	-33	13	13	-33	-33	13	13	13	13	13	13	13	13	13	-33	-33	-33	-33	13 
13	-33	-33	13	13	-33	-33	-33	-33	-33	-33	13	13	13	13	13	13	13	13	13	13	13	13	13	13
13	-33	-33	13	13	-33	-33	-33	-33	-33	-33	13	13	13	13	13	13	13	13	13	13	13	13	13	13 
13	-33	-33	13	13	13	13	13	13	13	13	13	13	13	13	13	13	13	13	13	13	13	13	13	13 
13	13	13	13	13	13	13	13	13	13	13	13	13	13	13	13	13	13	13	13	13	13	13	13	13
DB_ID(key)					name		imgID	bgmID	startX	startY	endX	endY	CountOfTotalEnemy	CountOfEnemyType	ID1/count		ID2/count		ID3/count		ID4/count		ID5/count
3010006(MAP_COMMON)			map6		25		6		23		14		0		15		45					5					1010020	10		1010021	10		1010022	10		1010023	10		1010024 1
(Structure)
0	0	0	0	0	0	0	0	0	0	0	0	0	0	0	0	0	0	0	0	0	0	0	0	0 
0	999	0	0	0	0	3	0	0	0	0	0	0	0	0	0	0	0	0	0	0	7	0	0	0 
0	0	0	0	0	0	0	3	0	0	0	0	0	0	0	0	0	0	0	0	7	0	0	0	0 
0	0	0	0	0	0	0	0	0	0	0	0	0	0	0	0	3	7	7	3	3	0	0	0	0 
0	0	0	0	0	0	0	0	0	0	0	0	0	0	0	0	0	7	0	0	0	0	0	0	0 
0	0	0	0	0	0	0	0	0	0	0	0	0	0	0	0	0	0	0	0	0	0	0	0	0 
0	0	0	0	0	0	0	0	0	0	0	0	0	0	0	0	0	0	0	0	0	0	0	0	0 
0	0	0	0	0	0	0	0	0	0	0	0	0	7	0	0	0	0	0	0	0	0	0	0	0 
0	3	0	7	0	0	0	0	0	0	0	0	0	0	0	0	0	0	0	0	0	0	0	0	0 
0	0	0	0	0	0	0	0	0	0	0	0	3	0	0	0	0	0	0	0	0	0	0	0	0 
0	0	0	0	0	0	0	0	0	0	0	7	0	3	0	0	0	0	0	0	0	0	0	0	0 
0	7	0	0	7	0	0	0	0	0	0	0	0	0	0	0	0	0	0	0	0	0	0	0	0 
0	0	0	0	0	0	0	0	0	0	0	0	0	7	0	3	0	0	0	0	0	0	0	0	0 
0	0	0	3	0	0	0	0	0	0	0	0	0	0	0	0	7	0	0	0	0	0	7	7	0 
0	0	0	0	0	0	0	0	0	0	0	0	0	0	0	0	0	0	0	0	0	0	0	0	0 
0	0	0	0	0	0	0	0	0	0	0	0	0	0	0	0	0	0	0	0	0	0	0	0	0 
(Road)
38	38	38	38	38	38	38	38	38	38	38	38	38	38	38	38	38	38	38	38	38	38	-10	-10	38
38	-10	-10	38	38	38	38	38	38	38	38	38	38	38	38	38	38	38	38	38	38	38	-10	-10	38
38	-10	-10	-10	38	38	38	38	38	38	-10	-10	-10	-10	38	38	38	38	38	38	38	38	-10	-10	38 
38	38	-10	-10	-10	38	38	38	38	38	-10	-10	-10	-10	-10	38	38	38	38	38	38	38	-10	-10	38 
38	38	38	38	-10	-10	38	38	38	-10	-10	38	38	38	-10	-10	38	38	38	38	38	38	-10	-10	38 
38	38	38	38	38	-10	-10	38	38	-10	-10	38	38	38	-10	-10	38	38	38	38	38	38	-10	-10	38 
38	38	38	38	38	-10	-10	38	38	-10	-10	38	38	38	-10	-10	38	38	38	38	38	38	-10	-10	38 
38	38	38	38	38	-10	-10	38	38	-10	-10	38	38	38	-10	-10	38	38	38	38	38	38	-10	-10	38 
38	38	38	38	38	-10	-10	38	38	-10	-10	38	38	38	-10	-10	38	38	38	38	38	-10	-10	38	38 
38	38	38	38	38	-10	-10	38	38	-10	-10	38	38	38	38	-10	-10	38	38	38	38	-10	-10	38	38 
38	38	38	38	38	-10	-10	38	38	-10	-10	38	38	38	38	38	-10	-10	38	38	38	-10	38	38	38 
38	38	38	38	38	-10	-10	38	38	-10	-10	38	38	38	38	38	-10	-10	-10	-10	-10	-10	38	38	38 
38	38	38	38	38	-10	-10	-10	-10	-10	-10	38	38	38	38	38	38	38	-10	-10	-10	38	38	38	38
38	38	38	38	38	38	-10	-10	-10	-10	-10	38	38	38	38	38	38	38	38	38	38	38	38	38	38 
38	38	38	38	38	38	38	38	38	38	38	38	38	38	38	38	38	38	38	38	38	38	38	38	38 
38	38	38	38	38	38	38	38	38	38	38	38	38	38	38	38	38	38	38	38	38	38	38	38	38
DB_ID(key)					name		imgID	bgmID	startX	startY	endX	endY	CountOfTotalEnemy	CountOfEnemyType	ID1/count		ID2/count		ID3/count		ID4/count		ID5/count
3010007(MAP_COMMON)			map7		25		6		23		14		0		0		45					5					1010025	10		1010026	10		1010027	10		1010028	10		1020007 1
(Structure)
0	0	0	0	0	0	0	0	0	0	0	0	0	0	0	0	0	0	0	0	0	0	0	0	0 
0	0	0	0	0	0	0	0	0	0	0	0	0	0	0	0	0	0	0	0	0	0	0	0	0 
0	0	0	0	0	0	0	0	23	0	0	0	0	0	0	0	0	0	0	0	0	0	0	0	0 
0	0	0	0	0	0	0	0	0	0	0	0	0	0	0	0	0	0	0	0	0	0	23	0	0 
0	0	0	21	0	0	0	0	0	0	0	0	22	0	0	0	0	0	0	0	0	0	0	0	0 
0	0	0	0	0	0	0	0	0	0	0	0	0	0	0	0	0	0	0	24	0	0	0	0	0 
0	0	0	0	0	0	0	0	0	0	0	0	0	0	0	0	0	0	0	0	0	0	0	0	0 
0	0	0	0	0	0	0	0	0	0	0	0	0	0	0	0	0	0	0	0	0	0	0	0	0 
0	0	0	0	0	0	0	0	0	0	0	0	0	0	0	0	0	0	0	0	0	0	0	0	0 
0	0	0	0	0	0	0	0	0	0	0	0	0	0	0	0	0	0	0	0	0	0	0	0	0 
0	0	0	0	0	0	0	0	0	0	0	0	0	0	0	0	0	0	0	0	0	0	0	0	0 
0	0	0	0	0	0	0	0	0	0	0	0	0	0	0	0	0	0	0	0	0	0	0	0	0 
0	0	0	0	0	0	0	0	0	0	0	0	0	0	0	0	0	0	0	0	0	0	0	0	0 
0	0	0	0	0	0	0	0	0	0	0	0	0	0	0	0	0	0	0	0	0	0	0	0	0 
0	999	0	0	0	0	0	0	0	0	0	0	0	0	0	0	0	0	0	0	0	0	0	0	0 
0	0	0	0	0	0	0	0	0	0	0	0	0	0	0	0	0	0	0	0	0	0	0	0	0 
(Road)
37	37	37	37	37	37	37	37	37	37	37	37	37	37	37	37	37	37	37	37	37	37	37	-36	-36
37	37	37	37	37	37	37	37	37	37	37	37	37	37	37	37	37	37	37	37	37	37	37	-36	-36
37	-36	-36	-36	-36	-36	37	37	34	37	37	37	37	37	37	37	37	37	37	37	37	37	37	-36	-36 
37	-36	-36	34	34	-36	37	37	37	37	37	-36	-36	-36	37	37	37	37	37	37	37	37	37	-36	-36 
37	-36	-36	34	34	-36	-36	37	37	37	37	-36	34	-36	-36	37	37	37	37	37	37	37	37	-36	-36 
37	-36	-36	-36	-36	-36	-36	-36	37	37	37	-36	-36	-36	-36	37	37	37	37	37	37	37	-36	-36	37 
37	-36	37	37	37	37	-36	-36	37	37	37	-36	-36	-36	-36	-36	37	37	37	37	37	37	-36	37	37 
37	-36	37	37	37	37	-36	-36	37	37	-36	-36	37	37	37	-36	37	37	37	37	37	-36	-36	37	37 
37	-36	-36	37	37	37	37	-36	37	37	-36	-36	37	37	37	-36	-36	37	37	37	-36	-36	-36	37	37 
37	-36	-36	37	37	37	37	-36	-36	-36	-36	37	37	37	37	-36	-36	37	37	-36	-36	-36	37	37	37 
37	-36	-36	37	37	37	37	-36	-36	-36	37	37	37	37	37	37	-36	-36	37	-36	-36	37	37	37	37 
37	-36	-36	37	37	37	37	-36	-36	37	37	37	37	37	37	37	37	-36	-36	-36	37	37	37	37	37 
37	-36	-36	37	37	37	37	-36	-36	37	37	37	37	37	37	37	37	-36	-36	-36	37	37	37	37	37
37	-36	-36	37	37	37	37	37	37	37	37	37	37	37	37	37	37	-36	-36	37	37	37	37	37	37 
37	-36	-36	37	37	37	37	37	37	37	37	37	37	37	37	37	37	37	37	37	37	37	37	37	37 
37	37	37	37	37	37	37	37	37	37	37	37	37	37	37	37	37	37	37	37	37	37	37	37	37
